0	0.0	0.0	0	0
50.7616	0.00219035	144.133	25	34
101.363	0.00405722	288.265	47	69
152.121	0.00608059	432.398	67	103
203.192	0.00805301	576.53	87	138
253.707	0.00989482	720.663	106	170
304.595	0.0118986	864.796	126	204
355.599	0.0137914	1008.93	145	241
406.545	0.0155641	1153.06	163	276
457.09	0.0174156	1297.19	180	310
507.851	0.0191963	1441.33	198	344
558.474	0.0209882	1585.46	215	378
609.563	0.0227398	1729.59	232	412
660.06	0.0245314	1873.72	248	445
710.9	0.0262886	2017.86	265	480
761.85	0.0281148	2161.99	280	514
812.721	0.0297661	2306.12	297	549
863.724	0.0314205	2450.25	312	583
914.116	0.0331351	2594.39	327	617
964.651	0.0348842	2738.52	343	653
1015.29	0.0365529	2882.65	358	689
1065.88	0.0382138	3026.78	371	723
1117.04	0.0399661	3170.92	387	757
1167.88	0.0415906	3315.05	401	791
1218.7	0.043222	3459.18	414	823
1269.94	0.0449393	3603.32	429	860
1320.9	0.0465664	3747.45	443	893
1371.57	0.0482303	3891.58	457	926
1422.25	0.0498838	4035.71	469	963
1472.9	0.051563	4179.85	483	997
1523.56	0.0531847	4323.98	496	1031
1574.25	0.0547765	4468.11	508	1062
1624.74	0.0563967	4612.24	520	1099
1675.48	0.0580043	4756.38	532	1133
1726.37	0.0595911	4900.51	546	1167
1777.32	0.0610952	5044.64	557	1201
1828.25	0.0626637	5188.77	570	1233
1879.03	0.0642222	5332.91	580	1268
1929.47	0.0657458	5477.04	593	1304
1980.43	0.0672798	5621.17	605	1336
2031.38	0.0688355	5765.3	618	1371
2082.04	0.0703643	5909.44	631	1407
2132.97	0.0718625	6053.57	643	1445
2183.94	0.0733574	6197.7	652	1481
2234.77	0.0748158	6341.84	665	1516
2285.77	0.0763069	6485.97	676	1549
2336.29	0.0777379	6630.1	687	1582
2386.59	0.0791949	6774.23	698	1615
2437.26	0.0806419	6918.37	708	1648
2488.18	0.0820772	7062.5	720	1683
2539.17	0.0834917	7206.63	731	1716
2590.09	0.084857	7350.76	739	1754
2641.31	0.0863197	7494.9	750	1786
2691.87	0.0877666	7639.03	760	1824
2742.56	0.0891687	7783.16	771	1859
2793.28	0.0905835	7927.29	780	1890
2843.98	0.0919882	8071.43	789	1929
2894.63	0.0933623	8215.56	797	1958
2945.29	0.0947547	8359.69	807	1997
2996.2	0.0961103	8503.82	817	2031
3046.7	0.0974583	8647.96	828	2064
3097.25	0.0988039	8792.09	837	2099
3147.95	0.100155	8936.22	847	2132
3198.7	0.101517	9080.35	856	2163
3249.7	0.102864	9224.49	863	2199
3300.47	0.104178	9368.62	874	2234
3351.34	0.105483	9512.75	884	2271
3402.06	0.10679	9656.89	893	2305
3452.66	0.108104	9801.02	901	2337
3503.46	0.109429	9945.15	909	2373
3554.14	0.110702	10089.3	919	2411
3604.89	0.111991	10233.4	928	2443
3655.54	0.113251	10377.5	936	2476
3706.23	0.114529	10521.7	945	2504
3757.09	0.115804	10665.8	953	2539
3807.79	0.117049	10809.9	963	2576
3859.07	0.118271	10954.1	971	2608
3909.69	0.119514	11098.2	980	2643
3960.78	0.120741	11242.3	988	2677
4011.66	0.121936	11386.5	996	2713
4062.63	0.123147	11530.6	1003	2745
4113.45	0.124346	11674.7	1011	2778
4164.28	0.125554	11818.9	1020	2813
4214.87	0.126787	11963	1028	2851
4265.78	0.128018	12107.1	1035	2888
4316.55	0.129202	12251.3	1042	2922
4367.25	0.130415	12395.4	1050	2958
4417.74	0.131574	12539.5	1057	2990
4468.17	0.132696	12683.7	1063	3027
4518.75	0.133851	12827.8	1072	3060
4569.65	0.134989	12971.9	1080	3093
4620.19	0.136153	13116.1	1087	3128
4671.22	0.137302	13260.2	1095	3161
4722.41	0.138467	13404.3	1102	3198
4773.03	0.139611	13548.5	1109	3233
4824.22	0.140722	13692.6	1116	3265
4874.92	0.141845	13836.7	1124	3301
4925.99	0.142958	13980.9	1131	3336
4976.88	0.144059	14125	1138	3370
5027.66	0.145169	14269.1	1145	3402
5078.62	0.146294	14413.3	1153	3438
5129.77	0.147398	14557.4	1160	3474
5180.67	0.148502	14701.5	1166	3514
5231.26	0.149606	14845.7	1172	3545
5281.89	0.150662	14989.8	1180	3580
5332.72	0.151744	15133.9	1185	3614
5383.35	0.152815	15278.1	1193	3646
5434.39	0.153892	15422.2	1200	3677
5485.24	0.154941	15566.3	1204	3709
5536.24	0.155998	15710.5	1211	3744
5586.74	0.157039	15854.6	1217	3783
5637.53	0.158066	15998.7	1222	3817
5688.51	0.159125	16142.9	1229	3853
5739.16	0.160164	16287	1234	3888
5790.21	0.161195	16431.1	1241	3921
5840.95	0.162233	16575.3	1246	3953
5892.05	0.163274	16719.4	1254	3987
5942.75	0.16428	16863.5	1260	4019
5993.49	0.165278	17007.6	1265	4054
6044.9	0.166271	17151.8	1270	4091
6095.79	0.167266	17295.9	1279	4126
6146.53	0.168261	17440	1285	4162
6197.06	0.169242	17584.2	1289	4194
6247.53	0.170239	17728.3	1298	4226
6298.26	0.171207	17872.4	1306	4260
6349.2	0.172187	18016.6	1312	4293
6400.05	0.173163	18160.7	1315	4324
6450.67	0.174148	18304.8	1321	4357
6501.48	0.175114	18449	1325	4393
6552.23	0.176064	18593.1	1332	4431
6603.33	0.177037	18737.2	1337	4461
6654.07	0.178009	18881.4	1344	4499
6704.62	0.178958	19025.5	1348	4533
6755.47	0.179905	19169.6	1358	4568
6806.38	0.180847	19313.8	1362	4604
6856.94	0.181765	19457.9	1369	4640
6907.68	0.182723	19602	1374	4670
6958.49	0.183638	19746.2	1381	4701
7009.18	0.184559	19890.3	1387	4740
7060.17	0.185479	20034.4	1392	4773
7110.69	0.186423	20178.6	1396	4806
7161.79	0.187349	20322.7	1401	4841
7212.4	0.188251	20466.8	1405	4880
7263.32	0.189158	20611	1412	4915
7314.02	0.190064	20755.1	1419	4947
7364.93	0.190959	20899.2	1425	4983
7415.59	0.191842	21043.4	1431	5016
7466.69	0.192746	21187.5	1437	5050
7517.44	0.193632	21331.6	1440	5085
7568.14	0.194514	21475.8	1444	5121
7618.85	0.195406	21619.9	1450	5152
7669.55	0.196269	21764	1455	5185
7720.65	0.197154	21908.2	1458	5224
7771.46	0.19801	22052.3	1463	5256
7822.37	0.198884	22196.4	1469	5289
7872.99	0.199733	22340.6	1473	5324
7923.46	0.200589	22484.7	1478	5364
7974.14	0.20145	22628.8	1483	5395
8024.69	0.202305	22773	1487	5423
8075.6	0.203124	22917.1	1492	5461
8126.32	0.203955	23061.2	1497	5498
8177.05	0.204802	23205.4	1503	5532
8228.13	0.205653	23349.5	1506	5567
8278.83	0.206506	23493.6	1512	5598
8329.88	0.207325	23637.7	1517	5635
8380.49	0.208134	23781.9	1521	5669
8431.12	0.20895	23926	1525	5699
8481.93	0.209774	24070.1	1530	5737
8532.54	0.210594	24214.3	1534	5768
8583.47	0.211422	24358.4	1538	5808
8634.37	0.21223	24502.5	1543	5841
8685.31	0.213044	24646.7	1549	5879
8736.2	0.213845	24790.8	1554	5916
8786.87	0.214645	24934.9	1558	5946
8837.86	0.21546	25079.1	1561	5978
8888.53	0.216255	25223.2	1566	6009
8939.36	0.217066	25367.3	1569	6044
8990.43	0.217852	25511.5	1576	6078
9041.08	0.218633	25655.6	1578	6113
9091.73	0.219403	25799.7	1583	6142
9142.54	0.220177	25943.9	1591	6176
9193.29	0.220946	26088	1595	6215
9243.73	0.221715	26232.1	1601	6254
9294.48	0.222486	26376.3	1604	6288
9345.01	0.223243	26520.4	1609	6328
9395.59	0.223995	26664.5	1614	6360
9446.62	0.224761	26808.7	1616	6398
9497.36	0.225529	26952.8	1623	6432
9548.14	0.226283	27096.9	1624	6460
9599.14	0.227069	27241.1	1630	6492
9649.91	0.227811	27385.2	1633	6527
9700.71	0.228551	27529.3	1637	6562
9751.5	0.229306	27673.5	1642	6595
9802.38	0.230065	27817.6	1647	6624
9853.29	0.230812	27961.7	1652	6656
9903.99	0.231549	28105.9	1656	6694
9954.58	0.232277	28250	1658	6725
10005.2	0.23302	28394.1	1661	6766
10056	0.233744	28538.3	1665	6797
10107.1	0.234484	28682.4	1670	6835
10158	0.235214	28826.5	1673	6870
10208.8	0.235952	28970.7	1677	6905
10260	0.236679	29114.8	1681	6941
10310.7	0.237392	29258.9	1685	6971
10361.3	0.238105	29403.1	1691	7008
10411.9	0.238814	29547.2	1694	7042
10462.6	0.239527	29691.3	1698	7079
10513.3	0.240229	29835.5	1700	7110
10563.9	0.240927	29979.6	1704	7146
10614.7	0.241646	30123.7	1709	7178
10665.6	0.242343	30267.8	1711	7213
10716.1	0.243045	30412	1715	7241
10767.2	0.243748	30556.1	1719	7276
10818.1	0.244429	30700.2	1723	7314
10868.8	0.24511	30844.4	1728	7353
10919.7	0.245808	30988.5	1732	7385
10970.7	0.246498	31132.6	1736	7424
11021.6	0.247179	31276.8	1738	7461
11072.2	0.247859	31420.9	1742	7488
11122.6	0.248531	31565	1744	7516
11173.2	0.249217	31709.2	1747	7555
11224	0.2499	31853.3	1752	7595
11274.8	0.250568	31997.4	1756	7628
11325.8	0.251247	32141.6	1761	7662
11376.8	0.251926	32285.7	1764	7691
11427.8	0.252599	32429.8	1768	7726
11478.6	0.253272	32574	1773	7762
11529.4	0.253929	32718.1	1775	7799
11580.2	0.254594	32862.2	1779	7832
11631	0.255252	33006.4	1783	7870
11681.5	0.255892	33150.5	1786	7901
11732.2	0.256539	33294.6	1789	7941
11783	0.257185	33438.8	1792	7972
11833.9	0.257831	33582.9	1795	8003
11884.8	0.258481	33727	1798	8037
11935.5	0.259121	33871.2	1801	8076
11986.4	0.259768	34015.3	1806	8107
12037	0.260409	34159.4	1809	8139
12087.9	0.261035	34303.6	1812	8177
12138.3	0.261667	34447.7	1813	8204
12189.4	0.262304	34591.8	1817	8235
12240	0.262941	34736	1820	8275
12290.6	0.263549	34880.1	1824	8312
12341.3	0.264158	35024.2	1826	8348
12392	0.264775	35168.4	1831	8382
12442.7	0.265385	35312.5	1833	8417
12493.6	0.265993	35456.6	1836	8456
12544.1	0.266612	35600.8	1839	8489
12594.8	0.267231	35744.9	1842	8527
12645.5	0.267856	35889	1846	8557
12696.3	0.268467	36033.2	1849	8591
12746.8	0.269078	36177.3	1853	8627
12797.5	0.26969	36321.4	1854	8667
12848.3	0.270291	36465.6	1859	8699
12899.2	0.270898	36609.7	1862	8737
12950.3	0.271512	36753.8	1865	8762
13000.7	0.272107	36898	1868	8797
13051.4	0.27271	37042.1	1870	8840
13102.3	0.273309	37186.2	1874	8878
13152.7	0.273914	37330.3	1878	8909
13203.6	0.274498	37474.5	1880	8943
13254.6	0.275096	37618.6	1885	8981
13305	0.275685	37762.7	1886	9008
13355.7	0.276278	37906.9	1889	9043
13406.3	0.27686	38051	1893	9080
13456.9	0.277439	38195.1	1894	9114
13507.8	0.278035	38339.3	1895	9149
13558.4	0.27861	38483.4	1901	9181
13609.1	0.27918	38627.5	1903	9219
13660.1	0.279765	38771.7	1904	9244
13710.8	0.280336	38915.8	1908	9273
13761.5	0.280907	39059.9	1911	9311
13812.5	0.281476	39204.1	1913	9345
13863.5	0.282044	39348.2	1914	9385
13914.3	0.282612	39492.3	1917	9417
13965.1	0.283174	39636.5	1920	9445
14015.6	0.28373	39780.6	1922	9479
14066.5	0.284301	39924.7	1926	9515
14117.1	0.28486	40068.9	1927	9550
14167.9	0.285414	40213	1929	9580
14219	0.285989	40357.1	1933	9613
14269.5	0.286541	40501.3	1938	9647
14320.3	0.287091	40645.4	1939	9679
14371.3	0.287637	40789.5	1941	9720
14422	0.288176	40933.7	1944	9753
14472.5	0.288718	41077.8	1946	9787
14523.6	0.289281	41221.9	1949	9824
14574.4	0.289826	41366.1	1953	9855
14625	0.290373	41510.2	1956	9890
14675.7	0.290918	41654.3	1958	9928
14726.4	0.291462	41798.5	1962	9964
14777.2	0.29201	41942.6	1964	10002
14828	0.292551	42086.7	1967	10041
14878.9	0.293076	42230.9	1970	10071
14929.9	0.293623	42375	1972	10106
14980.6	0.294161	42519.1	1976	10139
15031.3	0.294689	42663.3	1978	10173
15082	0.295214	42807.4	1981	10212
15132.6	0.295742	42951.5	1984	10246
15183.4	0.296274	43095.7	1987	10289
15234.3	0.296812	43239.8	1988	10319
15285	0.297342	43383.9	1991	10354
15335.6	0.297869	43528.1	1996	10396
15386.5	0.298399	43672.2	1998	10427
15437.5	0.298918	43816.3	2000	10459
15488	0.299427	43960.4	2003	10487
15538.8	0.29994	44104.6	2004	10521
15589.7	0.300461	44248.7	2006	10563
15640.5	0.30097	44392.8	2008	10595
15691.5	0.30149	44537	2012	10625
15742.3	0.302004	44681.1	2016	10663
15793	0.302512	44825.2	2018	10689
15843.9	0.303018	44969.4	2022	10721
15894.3	0.303519	45113.5	2025	10757
15945.3	0.304019	45257.6	2026	10798
15996.1	0.304532	45401.8	2028	10829
16047.1	0.305037	45545.9	2033	10864
16098.3	0.305543	45690	2035	10900
16149.5	0.306054	45834.2	2037	10931
16200.2	0.306551	45978.3	2040	10965
16250.9	0.307052	46122.4	2043	10996
16301.9	0.307539	46266.6	2045	11033
16352.5	0.308025	46410.7	2046	11071
16403	0.308522	46554.8	2049	11103
16453.8	0.309018	46699	2052	11141
16504.7	0.309506	46843.1	2055	11178
16555.5	0.31	46987.2	2056	11211
16606.6	0.310495	47131.4	2058	11243
16657.4	0.310978	47275.5	2060	11278
16708.5	0.311463	47419.6	2063	11315
16759.2	0.311951	47563.8	2066	11346
16810.1	0.312442	47707.9	2068	11379
16860.7	0.31293	47852	2070	11416
16911.6	0.313409	47996.2	2072	11448
16962.3	0.313889	48140.3	2074	11480
17013	0.31436	48284.4	2075	11515
17063.8	0.314838	48428.6	2077	11547
17114.6	0.31532	48572.7	2081	11575
17165.4	0.315792	48716.8	2082	11608
17216.2	0.316259	48861	2084	11643
17267	0.31673	49005.1	2087	11675
17317.9	0.317196	49149.2	2088	11711
17368.6	0.317667	49293.4	2090	11747
17419.7	0.318128	49437.5	2093	11779
17470.3	0.318596	49581.6	2094	11817
17521.1	0.319065	49725.8	2097	11854
17571.6	0.319521	49869.9	2099	11889
17622	0.319985	50014	2101	11924
17672.8	0.320452	50158.2	2104	11953
17723.5	0.320912	50302.3	2106	11985
17774.3	0.321372	50446.4	2109	12028
17825	0.321833	50590.5	2111	12065
17875.9	0.322289	50734.7	2113	12093
17926.6	0.322751	50878.8	2115	12127
17977.4	0.323208	51022.9	2116	12169
18028.2	0.323667	51167.1	2120	12198
18079.1	0.32411	51311.2	2122	12238
18130	0.324562	51455.3	2123	12272
18180.7	0.325005	51599.5	2126	12303
18231.2	0.325454	51743.6	2127	12337
18282.1	0.325914	51887.7	2129	12372
18332.8	0.326364	52031.9	2132	12401
18383.3	0.326807	52176	2134	12436
18434.1	0.327244	52320.1	2136	12465
18485	0.32769	52464.3	2138	12504
18535.7	0.328121	52608.4	2140	12546
18586.6	0.32856	52752.5	2142	12573
18637.3	0.328999	52896.7	2146	12605
18687.9	0.329432	53040.8	2146	12646
18738.6	0.32987	53184.9	2148	12668
18789.6	0.330309	53329.1	2150	12698
18840.1	0.330742	53473.2	2153	12732
18891.2	0.331179	53617.3	2154	12765
18942.2	0.331611	53761.5	2155	12796
18992.5	0.332037	53905.6	2158	12832
19043.2	0.332469	54049.7	2161	12869
19094	0.332898	54193.9	2163	12900
19145.1	0.333334	54338	2163	12937
19195.7	0.333756	54482.1	2164	12974
19246.5	0.334189	54626.3	2166	13009
19297.1	0.334619	54770.4	2168	13045
19347.5	0.335046	54914.5	2171	13080
19398.3	0.335472	55058.7	2173	13111
19449.1	0.33589	55202.8	2175	13150
19499.8	0.33631	55346.9	2176	13179
19550.6	0.336734	55491.1	2178	13215
19601.4	0.337158	55635.2	2180	13245
19652	0.337559	55779.3	2182	13276
19702.7	0.337971	55923.5	2184	13316
19753.8	0.338384	56067.6	2187	13347
19804.4	0.338798	56211.7	2189	13380
19855.2	0.339218	56355.9	2190	13421
19906	0.33963	56500	2192	13455
19957	0.340044	56644.1	2193	13490
20007.9	0.340454	56788.3	2197	13533
20058.9	0.34087	56932.4	2197	13564
20109.5	0.341278	57076.5	2200	13590
20160.1	0.341681	57220.6	2201	13622
20211.2	0.342094	57364.8	2207	13656
20261.8	0.342494	57508.9	2209	13680
20312.7	0.342901	57653	2211	13727
20363.5	0.343316	57797.2	2213	13771
20414.3	0.343719	57941.3	2214	13810
20465.3	0.34413	58085.4	2215	13839
20516.3	0.344537	58229.6	2217	13875
20567.1	0.34493	58373.7	2221	13906
20617.6	0.345331	58517.8	2222	13943
20668.3	0.34573	58662	2222	13975
20718.9	0.346131	58806.1	2223	14015
20769.5	0.346521	58950.2	2224	14048
20820	0.346907	59094.4	2226	14078
20871	0.347298	59238.5	2227	14111
20921.8	0.347691	59382.6	2227	14148
20972.3	0.348084	59526.8	2229	14184
21023.3	0.348481	59670.9	2231	14224
21074.1	0.348883	59815	2231	14257
21125.2	0.349279	59959.2	2234	14297
21176.2	0.34967	60103.3	2237	14324
21227	0.35006	60247.4	2238	14352
21277.7	0.35045	60391.6	2240	14382
21328.2	0.350827	60535.7	2241	14418
21379.2	0.351214	60679.8	2242	14455
21429.4	0.351588	60824	2244	14483
21480	0.351973	60968.1	2245	14519
21531.1	0.352359	61112.2	2247	14558
21581.9	0.352738	61256.4	2250	14599
21632.5	0.353115	61400.5	2252	14638
21683.3	0.353495	61544.6	2254	14671
21734.3	0.353871	61688.8	2255	14705
21785.2	0.354242	61832.9	2255	14746
21836	0.354625	61977	2258	14778
21887.2	0.355002	62121.2	2261	14807
21938.1	0.355381	62265.3	2263	14841
21988.7	0.355754	62409.4	2264	14878
22039.5	0.35613	62553.6	2266	14907
22090.2	0.3565	62697.7	2267	14946
22140.6	0.356877	62841.8	2270	14983
22191.4	0.357251	62986	2270	15016
22242.4	0.357623	63130.1	2272	15046
22293	0.357996	63274.2	2275	15080
22343.6	0.35837	63418.4	2276	15114
22394.5	0.358743	63562.5	2276	15149
22445.1	0.359115	63706.6	2279	15182
22495.4	0.359481	63850.8	2279	15219
22546.1	0.359851	63994.9	2280	15251
22597	0.360217	64139	2281	15282
22647.6	0.360577	64283.1	2283	15318
22698.4	0.360948	64427.3	2285	15349
22749.6	0.361312	64571.4	2287	15373
22800.3	0.361679	64715.5	2289	15408
22851	0.362045	64859.7	2291	15434
22901.5	0.3624	65003.8	2297	15479
22952.3	0.362763	65147.9	2298	15521
23002.9	0.363126	65292.1	2299	15554
23053.8	0.363489	65436.2	2300	15585
23104.8	0.363843	65580.3	2301	15619
23155.5	0.364201	65724.5	2302	15660
23206	0.364556	65868.6	2304	15695
23256.9	0.364914	66012.7	2305	15731
23307.6	0.365262	66156.9	2306	15770
23358.1	0.365611	66301	2307	15809
23408.9	0.365966	66445.1	2309	15849
23459.5	0.366321	66589.3	2310	15887
23510.4	0.366671	66733.4	2312	15923
23561	0.367021	66877.5	2314	15953
23611.8	0.36737	67021.7	2316	15988
23662.5	0.367711	67165.8	2318	16013
23713.4	0.368063	67309.9	2320	16045
23764.4	0.368405	67454.1	2320	16084
23815.1	0.368746	67598.2	2321	16117
23865.8	0.36909	67742.3	2326	16154
23916.5	0.369433	67886.5	2326	16187
23967.4	0.369773	68030.6	2329	16217
24018.5	0.37012	68174.7	2329	16255
24069.2	0.370457	68318.9	2330	16289
24119.8	0.370794	68463	2331	16318
24170.4	0.371138	68607.1	2333	16356
24221.3	0.37148	68751.3	2335	16393
24272.3	0.371824	68895.4	2338	16425
24322.9	0.372171	69039.5	2339	16463
24373.5	0.372509	69183.7	2340	16502
24424.1	0.372843	69327.8	2342	16535
24474.7	0.373179	69471.9	2344	16570
24525.6	0.373515	69616.1	2345	16608
24576.4	0.373852	69760.2	2346	16643
24627	0.374189	69904.3	2348	16668
24677.6	0.374525	70048.5	2349	16703
24728.5	0.374855	70192.6	2350	16746
24779.2	0.375184	70336.7	2351	16783
24830.1	0.375516	70480.9	2353	16811
24880.8	0.375842	70625	2355	16848
24931.3	0.376173	70769.1	2357	16884
24982.1	0.376509	70913.2	2359	16918
25032.7	0.376841	71057.4	2360	16944
25083.6	0.377164	71201.5	2362	16979
25134.5	0.377495	71345.6	2363	17012
25185.1	0.377818	71489.8	2365	17047
25235.8	0.378153	71633.9	2366	17082
25286.5	0.378478	71778	2367	17118
25337.3	0.378807	71922.2	2370	17158
25388	0.379128	72066.3	2371	17194
25438.8	0.379451	72210.4	2373	17221
25489.5	0.379774	72354.6	2373	17260
25540.4	0.380102	72498.7	2375	17290
25591.2	0.38043	72642.8	2376	17331
25642	0.380753	72787	2378	17362
25692.8	0.381076	72931.1	2380	17393
25743.7	0.381399	73075.2	2383	17420
25794.4	0.381714	73219.4	2386	17461
25845.2	0.382031	73363.5	2387	17495
25896	0.382345	73507.6	2387	17528
25946.6	0.382667	73651.8	2390	17573
25997.3	0.382981	73795.9	2390	17608
26047.8	0.383294	73940	2392	17645
26098.8	0.383619	74084.2	2395	17676
26149.6	0.383934	74228.3	2395	17706
26200.4	0.384248	74372.4	2396	17738
26250.9	0.384566	74516.6	2397	17773
26301.5	0.384879	74660.7	2398	17808
26352.1	0.385184	74804.8	2400	17843
26402.7	0.385488	74949	2403	17882
26453.7	0.385806	75093.1	2404	17910
26504.5	0.386122	75237.2	2405	17950
26555.5	0.386438	75381.4	2406	17983
26606.2	0.386746	75525.5	2407	18010
26657.2	0.387056	75669.6	2407	18041
26708	0.387359	75813.8	2410	18080
26758.8	0.38767	75957.9	2410	18116
26809.9	0.387975	76102	2412	18159
26860.8	0.388284	76246.2	2414	18191
26911.3	0.388594	76390.3	2415	18222
26961.8	0.388899	76534.4	2416	18249
27012.8	0.389202	76678.6	2416	18284
27063.5	0.389503	76822.7	2418	18322
27114.4	0.389811	76966.8	2419	18363
27165.1	0.390118	77111	2420	18399
27215.9	0.390427	77255.1	2421	18429
27266.6	0.390725	77399.2	2422	18458
27317.5	0.391025	77543.3	2424	18493
27368.6	0.391329	77687.5	2425	18529
27419.5	0.391625	77831.6	2427	18564
27470.3	0.391926	77975.7	2429	18606
27520.8	0.39222	78119.9	2430	18638
27572	0.392522	78264	2432	18678
27622.7	0.392821	78408.1	2432	18706
27673.4	0.393116	78552.3	2434	18732
27724	0.393413	78696.4	2435	18773
27774.6	0.393711	78840.5	2436	18806
27825.3	0.394005	78984.7	2436	18832
27876	0.394297	79128.8	2437	18876
27926.6	0.39459	79272.9	2438	18897
27977.7	0.394889	79417.1	2441	18936
28028.5	0.395175	79561.2	2442	18976
28079.3	0.395479	79705.3	2443	19012
28130.1	0.395774	79849.5	2446	19053
28180.7	0.396063	79993.6	2448	19078
28231.7	0.396355	80137.7	2448	19108
28281.9	0.396646	80281.9	2449	19145
28333	0.396941	80426	2450	19180
28383.4	0.397229	80570.1	2451	19207
28434.7	0.397515	80714.3	2454	19248
28485.4	0.397807	80858.4	2455	19281
28536.3	0.398092	81002.5	2456	19322
28586.9	0.398382	81146.7	2458	19359
28637.8	0.398667	81290.8	2458	19395
28688.4	0.398952	81434.9	2460	19427
28739.2	0.399237	81579.1	2461	19450
28790.1	0.399519	81723.2	2462	19488
28840.9	0.399801	81867.3	2465	19531
28891.5	0.400079	82011.5	2466	19564
28942.4	0.400365	82155.6	2468	19589
28993.1	0.400647	82299.7	2468	19623
29043.8	0.400933	82443.9	2469	19655
29094.6	0.401218	82588	2470	19687
29145.1	0.401495	82732.1	2471	19714
29195.9	0.401777	82876.3	2472	19758
29246.8	0.402055	83020.4	2474	19790
29297.9	0.40234	83164.5	2475	19814
29348.6	0.402624	83308.7	2477	19853
29399.3	0.402906	83452.8	2477	19890
29450.1	0.403188	83596.9	2479	19927
29500.9	0.403466	83741.1	2479	19965
29551.6	0.403743	83885.2	2481	19996
29602.3	0.404023	84029.3	2483	20033
29653.1	0.404301	84173.4	2484	20075
29703.7	0.404576	84317.6	2485	20120
29754.1	0.40485	84461.7	2487	20154
29804.5	0.405122	84605.8	2487	20187
29855.3	0.405397	84750	2488	20221
29906.2	0.405674	84894.1	2489	20254
29957	0.405945	85038.2	2490	20287
30007.9	0.406222	85182.4	2491	20322
30058.8	0.406501	85326.5	2492	20358
30109.4	0.406771	85470.6	2494	20390
30159.9	0.407041	85614.8	2495	20427
30210.7	0.407312	85758.9	2496	20465
30261.4	0.407586	85903	2498	20495
30312.2	0.407859	86047.2	2499	20532
30363.1	0.408132	86191.3	2500	20568
30413.8	0.408396	86335.4	2502	20617
30464.4	0.408664	86479.6	2503	20651
30514.8	0.408928	86623.7	2504	20678
30565.7	0.409203	86767.8	2504	20708
30616.6	0.409469	86912	2505	20744
30667.5	0.409737	87056.1	2506	20776
30718.3	0.410006	87200.2	2508	20812
30769.1	0.410275	87344.4	2508	20840
30820.1	0.410545	87488.5	2509	20874
30870.8	0.410812	87632.6	2510	20916
30921.4	0.411073	87776.8	2511	20945
30972.2	0.411341	87920.9	2511	20982
31022.9	0.411603	88065	2512	21019
31073.6	0.411865	88209.2	2512	21052
31124.4	0.412127	88353.3	2515	21087
31175.2	0.412386	88497.4	2516	21124
31225.9	0.412646	88641.6	2517	21156
31276.6	0.412903	88785.7	2517	21180
31327.1	0.413164	88929.8	2519	21213
31377.9	0.413427	89074	2519	21241
31428.6	0.413689	89218.1	2520	21266
31479.1	0.413947	89362.2	2522	21305
31529.8	0.414209	89506.4	2524	21345
31580.7	0.414474	89650.5	2525	21370
31631.6	0.41473	89794.6	2526	21400
31682.8	0.414991	89938.8	2526	21431
31733.6	0.415248	90082.9	2527	21483
31784.4	0.415508	90227	2529	21527
31835.2	0.415766	90371.2	2530	21554
31885.9	0.41602	90515.3	2532	21591
31936.4	0.416276	90659.4	2532	21626
31987.1	0.416527	90803.5	2533	21656
32037.8	0.41678	90947.7	2533	21698
32088.5	0.417039	91091.8	2534	21723
32139.3	0.417294	91235.9	2535	21766
32190	0.417551	91380.1	2536	21797
32240.8	0.417804	91524.2	2536	21828
32291.6	0.418056	91668.3	2537	21854
32342.3	0.418312	91812.5	2539	21884
32393.1	0.418566	91956.6	2540	21921
32443.8	0.418816	92100.7	2542	21953
32494.6	0.419069	92244.9	2543	21987
32545.3	0.419318	92389	2543	22014
32595.9	0.419567	92533.1	2545	22051
32646.8	0.419818	92677.3	2546	22083
32697.5	0.420066	92821.4	2547	22115
32748.4	0.420315	92965.5	2548	22143
32799.1	0.420566	93109.7	2549	22179
32850	0.420819	93253.8	2550	22212
32900.8	0.421075	93397.9	2551	22240
32951.5	0.421323	93542.1	2551	22274
33002.4	0.421573	93686.2	2552	22318
33052.9	0.421818	93830.3	2554	22347
33103.8	0.422068	93974.5	2554	22372
33154.7	0.422315	94118.6	2557	22398
33205.2	0.422559	94262.7	2558	22440
33255.9	0.422804	94406.9	2558	22476
33306.7	0.423053	94551	2559	22521
33357.3	0.4233	94695.1	2561	22555
33407.9	0.423545	94839.3	2562	22585
33458.8	0.42379	94983.4	2563	22621
33510	0.424036	95127.5	2565	22665
33560.5	0.424276	95271.7	2566	22700
33611.3	0.424518	95415.8	2567	22742
33661.9	0.424757	95559.9	2568	22790
33712.5	0.424999	95704.1	2569	22812
33763.2	0.425244	95848.2	2570	22846
33814	0.425484	95992.3	2571	22880
33864.6	0.425728	96136.5	2571	22910
33915.6	0.425967	96280.6	2573	22944
33966.6	0.426206	96424.7	2574	22971
34017.6	0.426445	96568.9	2574	23000
34069	0.426687	96713	2576	23041
34120	0.426923	96857.1	2577	23073
34171.2	0.427163	97001.3	2577	23100
34222.1	0.427404	97145.4	2578	23136
34272.9	0.42764	97289.5	2580	23163
34323.4	0.427878	97433.7	2580	23203
34374.4	0.428114	97577.8	2581	23235
34425.1	0.428353	97721.9	2581	23275
34475.8	0.428586	97866	2582	23316
34526.7	0.428823	98010.2	2584	23341
34577.6	0.429063	98154.3	2585	23376
34628.4	0.4293	98298.4	2585	23411
34679.1	0.429534	98442.6	2586	23438
34729.8	0.429768	98586.7	2587	23476
34780.6	0.430002	98730.8	2588	23515
34831.4	0.430236	98875	2588	23553
34882.6	0.43047	99019.1	2588	23591
34933.4	0.430711	99163.2	2588	23623
34984.4	0.430944	99307.4	2590	23661
35035.3	0.431178	99451.5	2591	23706
35086	0.431409	99595.6	2593	23741
35136.5	0.431636	99739.8	2593	23780
35187.3	0.431863	99883.9	2594	23811
35237.9	0.432092	100028	2595	23840
35288.8	0.432326	100172	2596	23866
35339.9	0.432556	100316	2597	23904
35390.7	0.432785	100460	2597	23944
35441.4	0.433019	100605	2597	23970
35492.5	0.433247	100749	2600	24000
35543.1	0.433471	100893	2601	24036
35593.7	0.433697	101037	2603	24066
35644.6	0.433927	101181	2603	24106
35695.4	0.434154	101325	2604	24150
35746	0.43438	101469	2606	24176
35797	0.434603	101613	2607	24198
35847.6	0.434829	101758	2608	24238
35898.6	0.435058	101902	2609	24273
35949.4	0.435283	102046	2611	24304
36000.8	0.435511	102190	2611	24339
36051.6	0.435737	102334	2612	24377
36102.6	0.435964	102478	2613	24411
36153.2	0.436191	102622	2614	24443
36204	0.436415	102767	2614	24475
36254.8	0.43664	102911	2616	24516
36306	0.436867	103055	2617	24556
36356.7	0.437085	103199	2618	24600
36407.4	0.437311	103343	2619	24634
36458.2	0.437535	103487	2619	24673
36509	0.437763	103631	2619	24703
36560.1	0.437987	103775	2619	24743
36611.3	0.438213	103920	2619	24778
36662.3	0.438434	104064	2621	24808
36713.3	0.438657	104208	2622	24841
36763.7	0.438877	104352	2623	24871
36814.5	0.4391	104496	2624	24904
36865.1	0.439326	104640	2626	24941
36916	0.43955	104784	2626	24967
36966.7	0.439767	104929	2627	25006
37017.4	0.439985	105073	2628	25040
37068.2	0.440205	105217	2629	25071
37118.8	0.44042	105361	2630	25093
37169.5	0.440639	105505	2631	25130
37220.4	0.440854	105649	2632	25158
37271.1	0.441069	105793	2633	25202
37321.9	0.441285	105937	2633	25237
37372.6	0.441496	106082	2633	25270
37423	0.441714	106226	2634	25304
37474.1	0.441927	106370	2634	25337
37524.9	0.442142	106514	2635	25381
37575.4	0.442355	106658	2636	25416
37626.2	0.442566	106802	2636	25459
37676.8	0.442781	106946	2637	25504
37727.5	0.442998	107091	2637	25541
37778.2	0.443214	107235	2639	25563
37829.1	0.44343	107379	2641	25593
37879.8	0.44364	107523	2644	25621
37930.4	0.443849	107667	2644	25647
37981.1	0.444058	107811	2646	25681
38031.8	0.44427	107955	2648	25713
38082.6	0.444479	108099	2648	25749
38133	0.444689	108244	2649	25774
38184	0.444901	108388	2650	25818
38234.8	0.445113	108532	2650	25848
38285.6	0.445324	108676	2652	25882
38336.3	0.445533	108820	2653	25919
38387	0.445744	108964	2655	25961
38437.7	0.445958	109108	2655	25991
38488.4	0.446166	109253	2656	26027
38539.1	0.446374	109397	2656	26061
38589.9	0.446584	109541	2657	26096
38640.4	0.44679	109685	2658	26125
38690.9	0.447002	109829	2660	26155
38742	0.44721	109973	2661	26190
38793.1	0.44742	110117	2662	26234
38843.7	0.447627	110261	2662	26268
38894.4	0.447835	110406	2662	26296
38945.3	0.448038	110550	2662	26337
38995.8	0.44824	110694	2664	26376
39046.5	0.448446	110838	2665	26406
39097	0.448651	110982	2666	26434
39147.9	0.448861	111126	2667	26465
39198.7	0.449068	111270	2667	26500
39249.4	0.449276	111415	2667	26532
39300.2	0.449478	111559	2667	26571
39350.9	0.449683	111703	2669	26605
39401.9	0.449887	111847	2672	26639
39452.4	0.450089	111991	2672	26677
39502.9	0.450291	112135	2673	26714
39554.2	0.450493	112279	2674	26758
39605	0.450698	112423	2674	26795
39655.5	0.450899	112568	2674	26835
39706.3	0.451105	112712	2675	26871
39757	0.451311	112856	2676	26896
39807.9	0.451514	113000	2676	26932
39858.7	0.451714	113144	2678	26969
39909.3	0.451912	113288	2679	27000
39960	0.452113	113432	2679	27053
40010.8	0.452313	113577	2680	27102
40061.9	0.452514	113721	2680	27131
40112.4	0.452713	113865	2682	27170
40163.3	0.452914	114009	2683	27199
40213.9	0.453118	114153	2684	27234
40264.9	0.453316	114297	2684	27272
40315.8	0.453512	114441	2684	27308
40366.5	0.453712	114585	2685	27342
40417.8	0.45391	114730	2686	27370
40468.3	0.454107	114874	2687	27406
40519	0.454303	115018	2687	27446
40569.7	0.454502	115162	2688	27476
40620.3	0.454696	115306	2688	27506
40670.7	0.454892	115450	2688	27547
40721.4	0.455089	115594	2689	27575
40772.1	0.455281	115738	2689	27618
40822.8	0.455475	115883	2690	27642
40873.5	0.455672	116027	2690	27679
40924.2	0.455868	116171	2691	27712
40974.9	0.456062	116315	2692	27745
41025.7	0.456259	116459	2692	27782
41076.5	0.456452	116603	2693	27815
41127.6	0.456644	116747	2694	27852
41178.5	0.456842	116892	2696	27882
41229.1	0.457032	117036	2696	27914
41280	0.457225	117180	2696	27949
41331	0.45742	117324	2697	27982
41381.8	0.457612	117468	2698	28005
41432.7	0.457806	117612	2699	28042
41483.2	0.457994	117756	2699	28085
41534.1	0.458188	117900	2699	28119
41584.8	0.458379	118045	2700	28147
41635.4	0.458568	118189	2700	28187
41686	0.458757	118333	2703	28220
41737.2	0.458947	118477	2704	28262
41787.8	0.459134	118621	2704	28287
41838.8	0.459325	118765	2704	28321
41890.1	0.459519	118909	2705	28357
41940.6	0.459712	119054	2705	28387
41991.3	0.459904	119198	2705	28426
42042.2	0.460091	119342	2705	28464
42092.9	0.460278	119486	2706	28494
42143.8	0.460469	119630	2707	28526
42194.5	0.460658	119774	2708	28555
42245.7	0.460849	119918	2709	28593
42296.8	0.461038	120062	2710	28629
42347.2	0.461222	120207	2710	28660
42398.2	0.461408	120351	2711	28695
42448.8	0.461596	120495	2712	28731
42499.9	0.461784	120639	2712	28766
42550.7	0.461972	120783	2713	28802
42601.6	0.462162	120927	2713	28833
42652.5	0.462348	121071	2714	28868
42703.4	0.462537	121216	2716	28907
42754	0.462728	121360	2717	28945
42804.9	0.462915	121504	2717	28974
42855.7	0.463101	121648	2717	29011
42906.1	0.463284	121792	2718	29048
42956.8	0.463469	121936	2719	29078
43007.5	0.463652	122080	2719	29129
43058.5	0.463837	122224	2720	29164
43109.3	0.464026	122369	2722	29207
43160	0.46421	122513	2723	29233
43211	0.464399	122657	2723	29265
43261.9	0.464586	122801	2723	29298
43312.6	0.46477	122945	2725	29331
43363.5	0.464953	123089	2725	29363
43414.2	0.465137	123233	2726	29396
43465	0.465319	123378	2726	29417
43515.6	0.4655	123522	2726	29455
43566.6	0.465685	123666	2727	29491
43617.3	0.465862	123810	2727	29526
43668.3	0.466048	123954	2728	29575
43718.9	0.466229	124098	2729	29602
43769.5	0.466407	124242	2729	29638
43820.1	0.466589	124386	2730	29662
43870.7	0.46677	124531	2731	29693
43921.5	0.466952	124675	2733	29730
43972.1	0.46713	124819	2733	29769
44022.6	0.467311	124963	2733	29805
44073.6	0.467492	125107	2733	29849
44124.1	0.467673	125251	2734	29880
44174.6	0.467853	125395	2737	29910
44225.5	0.468031	125540	2737	29946
44276.3	0.46821	125684	2737	29970
44327.4	0.468392	125828	2739	30010
44378.4	0.468575	125972	2739	30044
44429.5	0.468753	126116	2739	30082
44480.3	0.468934	126260	2741	30116
44530.7	0.469112	126404	2742	30153
44581.6	0.469288	126548	2742	30182
44632.4	0.469465	126693	2743	30220
44683	0.469646	126837	2743	30260
44733.5	0.469824	126981	2743	30300
44784.4	0.470003	127125	2743	30331
44835.1	0.47018	127269	2744	30367
44886	0.470357	127413	2745	30398
44936.7	0.470535	127557	2746	30426
44987.6	0.470713	127702	2746	30459
45038.4	0.470887	127846	2747	30497
45089.3	0.47106	127990	2748	30542
45140.1	0.471234	128134	2750	30582
45190.8	0.471409	128278	2750	30617
45241.5	0.471583	128422	2750	30642
45292.4	0.471763	128566	2751	30674
45343.4	0.47194	128710	2752	30712
45394.1	0.472113	128855	2752	30747
45444.9	0.472287	128999	2753	30772
45495.4	0.472459	129143	2753	30812
45546.2	0.472626	129287	2753	30844
45596.9	0.472801	129431	2754	30874
45647.6	0.47297	129575	2756	30905
45698.3	0.473141	129719	2757	30940
45749.1	0.473311	129863	2757	30972
45799.8	0.473483	130008	2759	31019
45850.6	0.473657	130152	2759	31054
45901.4	0.47383	130296	2759	31081
45952.2	0.474001	130440	2759	31116
46002.9	0.474174	130584	2760	31146
46053.8	0.474347	130728	2760	31185
46104.6	0.47452	130872	2760	31216
46155.2	0.474691	131017	2762	31244
46205.8	0.474861	131161	2762	31281
46256.5	0.475033	131305	2762	31320
46307.5	0.475202	131449	2763	31359
46358.5	0.475373	131593	2764	31398
46409.3	0.475543	131737	2765	31436
46460	0.475712	131881	2765	31465
46510.9	0.475882	132025	2765	31494
46561.2	0.476052	132170	2767	31531
46612.2	0.47622	132314	2767	31568
46662.9	0.476386	132458	2767	31606
46713.5	0.47655	132602	2767	31640
46764.5	0.47672	132746	2768	31677
46815.3	0.476886	132890	2768	31712
46866	0.477055	133034	2771	31749
46916.8	0.477226	133179	2771	31775
46967.5	0.477392	133323	2771	31801
47018.3	0.477562	133467	2773	31847
47069.5	0.477731	133611	2774	31871
47120.3	0.477898	133755	2775	31902
47171.2	0.478067	133899	2775	31940
47222.1	0.478233	134043	2776	31981
47272.9	0.478398	134187	2777	32021
47324.1	0.478564	134332	2778	32052
47375	0.478733	134476	2778	32090
47425.8	0.478902	134620	2779	32117
47476.2	0.479063	134764	2779	32156
47527.3	0.479227	134908	2780	32196
47578	0.479394	135052	2780	32236
47628.9	0.479558	135196	2781	32268
47679.4	0.479723	135341	2781	32299
47730.1	0.479888	135485	2781	32335
47780.7	0.480052	135629	2784	32368
47831.3	0.480213	135773	2784	32403
47882.3	0.480381	135917	2785	32439
47933	0.480546	136061	2785	32473
47983.7	0.480711	136205	2786	32504
48034.3	0.48087	136349	2787	32533
48085.2	0.481036	136494	2788	32569
48135.9	0.4812	136638	2788	32593
48186.8	0.481364	136782	2788	32632
48237.7	0.481527	136926	2788	32674
48288.3	0.481692	137070	2789	32708
48338.9	0.481854	137214	2789	32746
48389.7	0.482018	137358	2789	32776
48440.8	0.482176	137503	2790	32799
48491.2	0.482336	137647	2790	32833
48541.8	0.482497	137791	2791	32871
48592.6	0.482656	137935	2791	32901
48643.5	0.482817	138079	2793	32936
48693.8	0.482977	138223	2794	32962
48744.7	0.483139	138367	2794	32991
48795.2	0.483297	138511	2794	33023
48845.7	0.483459	138656	2796	33055
48896.3	0.483615	138800	2797	33090
48947	0.483776	138944	2797	33125
48998	0.483934	139088	2797	33164
49048.5	0.484091	139232	2798	33189
49099.6	0.484251	139376	2799	33222
49150.2	0.484411	139520	2800	33249
49201	0.484572	139665	2800	33281
49251.9	0.48473	139809	2801	33320
49302.4	0.484888	139953	2801	33352
49353.4	0.48505	140097	2801	33388
49404.2	0.485208	140241	2801	33424
49455	0.485368	140385	2801	33466
49505.7	0.485525	140529	2803	33501
49556.8	0.485685	140673	2803	33539
49607.6	0.48584	140818	2803	33578
49658.4	0.485999	140962	2806	33623
49709.1	0.486159	141106	2806	33658
49759.8	0.486312	141250	2807	33697
49810.3	0.486466	141394	2807	33730
49860.9	0.486624	141538	2807	33768
49911.6	0.486779	141682	2807	33806
49962.5	0.486935	141826	2807	33837
50013.4	0.487093	141971	2808	33871
50063.9	0.487248	142115	2809	33908
50115.1	0.487405	142259	2810	33938
50165.8	0.487559	142403	2811	33977
50216.5	0.487714	142547	2813	34012
50267.2	0.487871	142691	2813	34050
50317.9	0.488028	142835	2814	34081
50368.6	0.488181	142980	2814	34112
50419.3	0.488336	143124	2814	34146
50470.2	0.488491	143268	2814	34181
50521.2	0.488644	143412	2814	34213
50572.1	0.4888	143556	2815	34244
50623.2	0.488957	143700	2815	34280
50674.3	0.489111	143844	2815	34320
50724.9	0.489266	143988	2816	34350
50775.4	0.489422	144133	2817	34382
